
ArchiveDictionary.load( 'norta',

							( 'load': { arg self; 
				var inst = StepSeq.new(self.name);
				inst.stepseq = self.stepseq.load;
				inst;
			}, 'name': 'norta', 'stepseq': ( 'load': { arg self;
				var inst = ~class_score_manager.new;
				inst.putAll(self.data);
				inst.setStepSpec(self.spec);
				inst;
			}, 'spec': ControlSpec(0.0, 1.0, 'linear', 0.0, 0.0, ""), 'data': ( 'score_delta': 0.125, 'banks': List[ BankList[ StepList[ 0.71144982940974, 0.84031585692337, 0, 0, 0, 0, 0, 0 ] ], BankList[ StepList[ 0, 0, 0.75321252177358, 0, 0, 0, 0, 0 ] ], BankList[ StepList[ 0, 0, 0, 0.71741619810389, 0, 0, 0, 0 ] ], BankList[ StepList[ 0, 0, 0, 0, 0, 0.66903531045833, 0, 0 ] ] ], 'score_duration': 1, 'superbank': BankList[ ParDictStepList[ 0, 0, 0, 0, 0, 0, 0, 0 ], ParDictStepList[ 0, 0, 0, 0, 0, 0, 0, 0 ], ParDictStepList[ 0, 0, 0, 0, 0, 0, 0, 0 ], ParDictStepList[ 0, 0, 0, 0, 0, 0, 0, 0 ], ParDictStepList[ 0, 0, 0, 0, 0, 0, 0, 0 ], ParDictStepList[ 0, 0, 0, 0, 0, 0, 0, 0 ], ParDictStepList[ 0, 0, 0, 0, 0, 0, 0, 0 ], ParDictStepList[ 0, 0, 0, 0, 0, 0, 0, 0 ] ], 
  'track_count': 4, 'current_score': { arg self;
		self.banks.first.index
	} ) ) )

						);

ArchiveDictionary.load( 'score',

							( 'load': { arg self; 
				var inst = StepSeq.new(self.name);
				inst.stepseq = self.stepseq.load;
				inst;
			}, 'name': 'score', 'stepseq': ( 'load': { arg self;
				var inst = ~class_score_manager.new;
				inst.putAll(self.data);
				inst.setStepSpec(self.spec);
				inst;
			}, 'spec': ControlSpec(0.0, 1.0, 'linear', 0.0, 0.0, ""), 'data': ( 'score_delta': 0.125, 'banks': List[ BankList[ StepList[ 0, 1.0, 0, 0, 0, 0, 0, 0, 0, 1.0, 0, 0, 0, 0, 0, 0 ], StepList[ 0, 1.0, 0, 0, 0, 0, 0, 0 ], StepList[ 0, 0.0, 0, 0, 0, 0, 0, 0 ], StepList[ 0, 0.0, 0, 0, 0, 0, 0, 0 ], StepList[ 0, 0, 0, 0, 0, 0, 0, 0 ], StepList[ 0.0, 0, 0, 0, 0.0, 0, 0.0, 0.0, 0.0, 0, 0, 0, 0.0, 0, 0, 0, 0.0, 0, 0, 0, 0.0, 0, 0.0, 0.0, 0.0, 0, 0, 0, 0.0, 0, 0, 0 ], StepList[ 0.0, 0, 0, 0, 0.0, 0, 0.0, 0.0, 0.0, 0, 0, 0, 0.0, 0, 0, 0, 0.0, 0, 0, 0, 0.0, 0, 0.0, 0.0, 0.0, 0, 0, 0, 0.0, 0, 0, 0 ], StepList[ 1.0, 0.0, 0, 0.0, 0, 0, 0, 0, 1.0, 0.0, 0, 0.0, 0, 0, 0, 0 ], StepList[ 0, 0, 0, 0, 0, 0, 0, 0 ], StepList[ 0.0, 0, 0, 0, 0, 0, 0, 0 ], StepList[ 1.0, 0, 0, 0, 1.0, 0, 0, 0, 1.0, 0, 0, 0, 1.0, 0, 0, 0, 1.0, 0, 0, 0, 1.0, 0.0, 0.0, 0, 1.0, 0, 0, 0, 1.0, 0, 0, 0 ], StepList[ 1.0, 0, 0.0, 0.0, 0.0, 0, 1.0, 0, 1.0, 0, 0, 0, 1.0, 0, 0, 0, 1.0, 0, 0, 0, 1.0, 0.0, 0.0, 0, 1.0, 0, 0, 0, 1.0, 0, 0, 0 ], StepList[ 1.0, 0, 1.0, 0, 0, 0, 0, 0, 1.0, 0, 1.0, 0, 0, 0, 0, 0 ], StepList[ 0, 0, 0, 0, 0, 0, 0, 0 ], StepList[ 1.0, 0, 0, 0, 1.0, 0, 0, 0, 1.0, 0, 0, 0, 1.0, 0, 0, 0, 1.0, 0, 0, 0, 1.0, 0.0, 0.0, 0, 1.0, 0, 0, 0, 1.0, 0, 0, 0 ], StepList[ 0, 0, 0, 0, 0, 0, 0, 0 ] ], BankList[ StepList[ 0, 0, 0, 0, 1.0, 0, 0, 0, 0, 0, 0, 0, 1.0, 0, 0, 0 ], StepList[ 0, 0, 0, 0, 1.0, 0, 0, 0 ], StepList[ 1.0, 0, 0, 0, 1.0, 0, 0, 0 ], StepList[ 1.0, 0, 0, 0, 0.0, 0, 0, 0 ], StepList[ 1.0, 0, 0, 0, 0, 0, 0, 0 ], StepList[ 1.0, 0, 0, 0, 0.0, 0, 0.0, 0.0, 0.0, 0, 0, 0, 0.0, 0, 0, 0.0, 1.0, 0, 0, 0, 0.0, 0, 0.0, 0, 0.0, 0, 0, 0, 0.0, 0, 0, 0 ], StepList[ 1.0, 0, 0.53434948822922, 0.0, 0.47289965881948, 0.0, 0.0, 0.0, 0.2253154778953, 0.0, 0.56144982940974, 0.0, 0.0, 0, 0.0, 0.0, 0.54031585692337, 0, 0.0, 0.0, 1.0, 0, 0.0, 0.0, 0.0, 0.0, 0.58855017059026, 0.0, 0.46565051177078, 0, 0, 0 ], StepList[ 0.0, 0.99678747822642, 0.0, 0.0, 0.0, 0, 0.0, 0, 0.0, 0.99678747822642, 0.0, 0.0, 1.0, 0, 0.0, 0 ], StepList[ 0, 0, 0, 0, 0, 0, 0, 0 ], StepList[ 0, 0, 0, 0, 0, 0, 0, 0 ], StepList[ 0, 0, 1.0, 0, 0, 0, 0, 0, 0, 0, 0.0, 0, 0, 0, 0, 0, 0, 0, 0.0, 0, 0, 0, 0.0, 0.0, 0, 0, 1.0, 0, 0, 0, 0, 0 ], StepList[ 0, 0, 0.0, 0, 0, 0, 0, 0, 0, 0, 0.0, 0, 0, 0, 0, 0, 0, 0, 0.0, 0, 0, 0, 0.0, 0.0, 0, 0, 1.0, 0, 0, 0, 0, 0 ], StepList[ 0.0, 0, 1.0, 0, 0.0, 0, 0.0, 1.0, 0.0, 0, 0.0, 0, 0.0, 0, 0.0, 0 ], StepList[ 0, 0, 0, 0, 0, 0, 0, 0 ], StepList[ 0, 0, 1.0, 0, 0, 0, 0, 0, 0, 0, 0.0, 0, 0, 0, 0, 0, 0, 0, 0.0, 0, 0, 0, 0.0, 0.0, 0, 0, 1.0, 0, 0, 0, 0, 0 ], StepList[ 0, 1.0, 0, 0, 0, 0, 0, 0 ] ], BankList[ StepList[ 1.0, 0, 0, 0.0, 0.0, 1.0, 1.0, 1.0, 1.0, 0, 0, 0.0, 0.0, 1.0, 1.0, 1.0 ], StepList[ 1.0, 0, 0, 0.0, 0.0, 0.0, 0.0, 0 ], StepList[ 1.0, 0, 0, 0.0, 0.0, 0.0, 0.0, 0 ], StepList[ 1.0, 0, 0, 0.0, 0.0, 0.0, 0.0, 0 ], StepList[ 1.0, 0, 0, 0, 0, 0, 0, 0 ], StepList[ 0.0, 0, 0.67990875538299, 0, 1.0, 0, 0, 0.63412119436425, 0.71599625451508, 0.0, 0, 0, 0.60321252177358, 0, 0.71599625451508, 0, 0.0, 0, 0.0, 0, 1.0, 0, 0, 0.67710034118052, 0, 0.0, 0, 0, 1.0, 0, 0, 0 ], StepList[ 0.0, 0, 0.0, 0.0, 0.0, 0.0, 0, 0.0, 0.0, 0.0, 0.0, 0, 0.60321252177358, 0, 0.71599625451508, 0, 0.0, 0, 0.0, 0, 1.0, 0, 0, 0.67710034118052, 0, 0.0, 0, 0, 1.0, 0, 0, 0 ], StepList[ 0, 0, 1.0, 0, 0, 1.0, 0, 1.0, 0, 0, 1.0, 0, 0, 1.0, 0, 0 ], StepList[ 1.0, 0, 0, 0, 1.0, 0, 1.0, 0 ], StepList[ 1.0, 0, 1.0, 0, 0, 0, 0, 0 ], StepList[ 0, 0, 0, 0, 0, 0, 0.0, 0, 0, 0, 0, 0.0, 0, 0, 1.0, 0, 0, 0, 0, 0.0, 1.0, 0, 0.0, 0, 0, 0, 0, 0.0, 0, 0, 1.0, 0 ], StepList[ 0, 0, 0, 0, 1.0, 0, 0.0, 0, 0, 0.0, 0.0, 0.0, 0, 0, 1.0, 0, 0, 0, 0, 0.0, 1.0, 0, 0.0, 0, 0, 0, 0, 0.0, 0, 0, 1.0, 0 ], StepList[ 0, 0, 0, 0, 1.0, 0, 0, 0, 0, 0, 0, 0, 1.0, 0, 0, 0 ], StepList[ 0, 0, 0, 0, 0, 0, 0, 0 ], StepList[ 0, 0, 0, 0, 0, 0, 0.0, 0, 0, 0, 0, 0.0, 0, 0, 1.0, 0, 0, 0, 0, 0.0, 1.0, 0, 0.0, 0, 0, 0, 0, 0.0, 0, 0, 1.0, 0 ], StepList[ 0, 0, 0, 0, 0, 0, 0, 0 ] ], BankList[ StepList[ 1.0, 0, 0, 0.0, 0.0, 1.0, 1.0, 1.0, 1.0, 0, 0, 0.0, 0.0, 1.0, 1.0, 1.0 ], StepList[ 1.0, 0, 0, 0.0, 0.0, 0, 0, 0 ], StepList[ 1.0, 0, 0, 0.0, 0.0, 0, 0, 0 ], StepList[ 1.0, 1.0, 1.0, 1.0, 1.0, 1.0, 1.0, 1.0 ], StepList[ 1.0, 0, 1.0, 0, 0, 0, 0, 0 ], StepList[ 1.0, 0, 0, 0, 0, 0, 0, 0, 0.0, 0, 0, 0.0, 0, 0, 0, 0, 0, 0, 0, 0, 0, 0, 0, 0, 0.0, 0, 0, 0.0, 0, 0, 0, 0 ], StepList[ 1.0, 0, 0, 0, 0, 0, 0, 0, 0.0, 0, 0, 0.0, 0, 0, 0, 0, 0, 0, 0, 0, 0, 0, 0, 0, 0.0, 0, 0, 0.0, 0, 0, 0, 0 ], StepList[ 1.0, 0, 0, 0, 0, 0, 0, 0, 0, 0, 0, 0, 0, 0, 0, 0 ], StepList[ 0, 0, 0, 0, 0, 0, 0, 0 ], StepList[ 0, 0, 0, 0, 0, 0, 0, 0 ], StepList[ 0, 0, 0, 0, 0, 0, 0, 0, 0, 0, 1.0, 0, 0, 0, 0, 0, 0, 0, 0.0, 0, 0, 0, 0.0, 0, 0, 0, 0.0, 0, 0, 0, 0, 0 ], StepList[ 0, 1.0, 0, 0.0, 0, 0.0, 1.0, 0.0, 0, 0.0, 0.0, 0, 0, 0, 0, 0, 0, 0, 0.0, 0, 0, 0, 0.0, 0, 0, 0, 0.0, 0, 0, 0, 0, 0 ], StepList[ 0, 0, 0, 0, 0, 0, 0, 0, 1.0, 0, 0, 0, 0, 0, 0, 0 ], StepList[ 0, 0, 0, 0, 0, 0, 0, 0 ], StepList[ 0, 0, 0, 0, 0, 0, 0, 0, 0, 0, 1.0, 0, 0, 0, 0, 0, 0, 0, 0.0, 0, 0, 0, 0.0, 0, 0, 0, 0.0, 0, 0, 0, 0, 0 ], StepList[ 0, 0, 0, 0, 0, 0, 0, 0 ] ], BankList[ StepList[ 0.0, 0, 0, 0, 0.0, 0.0, 0.0, 0.0, 0.0, 0, 0, 0, 0.0, 0.0, 0.0, 0.0 ], StepList[ 0.0, 0, 0, 0, 0.0, 0, 0, 0 ], StepList[ 0.0, 0, 0, 0, 0.0, 0, 0, 0 ], StepList[ 0.0, 0.0, 0.0, 0, 0.0, 0, 0, 0 ], StepList[ 0, 0, 0, 0, 0, 0, 0, 0 ], StepList[ 1.0, 0, 0.0, 0, 1.0, 0, 0, 0, 1.0, 0, 0.0, 0.0, 1.0, 0, 0.0, 0, 1.0, 0, 0.0, 0, 1.0, 0, 0, 0, 1.0, 0, 0.0, 0.0, 1.0, 0, 0.0, 0 ], StepList[ 1.0, 0, 0.0, 0, 1.0, 0, 0, 0, 1.0, 0, 0.0, 0.0, 1.0, 0, 0.0, 0, 1.0, 0, 0.0, 0, 1.0, 0, 0, 0, 1.0, 0, 0.0, 0.0, 1.0, 0, 0.0, 0 ], StepList[ 0, 0, 0, 0, 0, 0, 0, 0, 0, 0, 0, 0, 0, 0, 0, 0 ], StepList[ 0, 0, 0, 0, 0, 0, 0, 0 ], StepList[ 0, 0, 0, 0, 0, 0, 0, 0 ], StepList[ 0, 0, 0, 0, 0, 0, 0, 0, 0, 0, 0, 0, 0, 0, 0, 0, 0, 0, 0, 0, 0, 0, 1.0, 0, 0, 0, 0, 0, 0, 0, 0, 0 ], StepList[ 1.0, 0, 0, 0, 1.0, 0, 0, 0, 0, 0, 1.0, 0, 0, 0, 0, 0, 0, 0.0, 1.0, 0, 0, 0, 1.0, 0, 0, 0, 0, 0, 0, 0, 0, 0 ], StepList[ 1.0, 0.46565051177078, 1.0, 0, 1.0, 0.37113397248637, 1.0, 0, 1.0, 0, 1.0, 0.43855017059026, 1.0, 0, 1.0, 0.43855017059026 ], StepList[ 0, 0, 0, 0, 0, 0, 0, 0 ], StepList[ 0, 0, 0, 0, 0, 0, 0, 0, 0, 0, 0, 0, 0, 0, 0, 0, 0, 0, 0, 0, 0, 0, 1.0, 0, 0, 0, 0, 0, 0, 0, 0, 0 ], StepList[ 0, 0, 0, 0, 0, 0, 0, 0 ] ], BankList[ StepList[ 0, 0.0, 0, 0, 0, 0, 0, 0, 0, 0.0, 0, 0, 0, 0, 0, 0 ], StepList[ 0, 0.0, 0, 0, 0, 0, 0, 0 ], StepList[ 0, 0.0, 0, 0, 0, 0, 0, 0 ], StepList[ 0, 0.0, 0.0, 0, 0, 0, 0, 0 ], StepList[ 0, 0, 0, 0, 0, 0, 0, 0 ], StepList[ 0, 0, 0, 0, 0, 0, 0, 0, 0.0, 0, 0, 0.0, 0, 0, 0, 0, 0, 0, 0, 0, 0, 0, 0, 0, 0.0, 0, 0, 0, 0, 0, 0, 0 ], StepList[ 0, 0, 0, 0, 0, 0, 0, 0, 0.0, 0, 0, 0.0, 0, 0, 0, 0, 0, 0, 0, 0, 0, 0, 0, 0, 0.0, 0, 0, 0, 0, 0, 0, 0 ], StepList[ 0, 0, 0, 0, 0, 0, 0, 0, 0, 0, 0, 0, 0, 0, 0, 0 ], StepList[ 0, 0, 0, 0, 0, 0, 0, 0 ], StepList[ 0, 0, 0, 0, 0, 0, 0, 0 ], StepList[ 0, 0, 0, 0, 0, 0, 0, 0, 0, 0, 0, 0, 0, 0, 0, 0, 0, 0, 0, 0, 0, 0, 0, 0, 0, 0, 0, 0, 0, 0, 0, 0 ], StepList[ 0, 0, 0, 0, 0, 0, 0, 0, 0, 0, 0, 0, 0, 0, 0, 0, 0, 0, 0, 0, 0, 0, 0, 0, 0, 0, 0, 0, 0, 0, 0, 0 ], StepList[ 1.0, 0, 0, 0, 0, 0, 0, 0, 1.0, 0, 0, 0, 0, 0, 0, 0 ], StepList[ 1.0, 0.1508547905451, 0.09464165917917, 0.583389644927, 0.0, 0.57876459243552, 0.6876997749134, 0.63096468954167 ], StepList[ 0, 0, 0, 0, 1.0, 0, 0, 0, 0, 0, 0, 0, 0, 0, 0, 1.0, 0, 0, 0, 0, 0, 0, 0, 1.0, 0, 0, 0, 0, 0.0, 0, 1.0, 0 ], StepList[ 0, 0, 0, 0, 0, 0, 0, 0 ] ], BankList[ StepList[ 1.0, 0, 0, 0, 1.0, 1.0, 1.0, 1.0, 1.0, 0, 0, 0, 1.0, 1.0, 1.0, 1.0 ], StepList[ 1.0, 0, 0, 0, 1.0, 0, 0, 0 ], StepList[ 1.0, 0, 0, 0, 1.0, 0, 0, 0 ], StepList[ 0.0, 0, 0.0, 0, 0.0, 0, 0, 0 ], StepList[ 0, 0, 0, 0, 0, 0, 0, 0 ], StepList[ 0.0, 0.0, 0, 0, 0.0, 0, 0, 0.0, 0, 0, 0, 0, 0.0, 0, 0, 0, 0.0, 0.0, 0, 0, 0.0, 0, 0, 0.0, 0, 0, 0, 0, 0.0, 0, 0, 0 ], StepList[ 0.0, 0.0, 0, 0, 0.0, 0, 0, 0.0, 0, 0, 0, 0, 0.0, 0, 0, 0, 0.0, 0.0, 0, 0, 0.0, 0, 0, 0.0, 0, 0, 0, 0, 0.0, 0, 0, 0 ], StepList[ 0, 0, 0, 0, 0, 0, 0, 0, 0, 0, 0, 0, 0, 0, 0, 0 ], StepList[ 0, 0, 0, 0, 0, 0, 0, 0 ], StepList[ 0, 0, 0, 0, 0, 0, 0, 0 ], StepList[ 0, 0, 0, 0, 0, 0, 0, 0, 0, 0, 0, 0, 0, 0, 0, 0, 0, 0, 0, 0, 0, 0, 0, 0, 0, 0, 0, 0, 0, 0, 0, 0 ], StepList[ 0, 0, 0, 0, 0, 0, 0, 0, 0, 0, 0, 0, 0, 0, 0, 0, 0, 0, 0, 0, 0, 0, 0, 0, 0, 0, 0, 0, 0, 0, 0, 0 ], StepList[ 0, 0, 0, 0, 0, 0, 0, 0, 0, 0, 0, 0, 0, 0, 0, 0 ], StepList[ 0, 0, 1.0, 0, 0, 0, 1.0, 0 ], StepList[ 1.0, 0, 0, 0, 0.0, 0.0, 0, 0, 1.0, 0, 0.0, 0, 1.0, 0, 0, 0.0, 0, 0, 1.0, 0, 0, 0, 1.0, 0.0, 0, 0, 1.0, 0.0, 1.0, 0, 0.0, 0 ], StepList[ 0, 0, 0, 0, 0, 0, 0, 0 ] ], BankList[ StepList[ 0.0, 0, 0, 0, 0, 0.0, 0.0, 0.0, 0.0, 0, 0, 0, 0, 0.0, 0.0, 0.0 ], StepList[ 0.0, 0, 0, 0, 0, 0, 0, 0 ], StepList[ 0.0, 0, 0, 0, 0, 0, 0, 0 ], StepList[ 0.0, 0, 0, 0.0, 1.0, 0, 0, 0 ], StepList[ 0, 0, 0, 0, 0, 0, 0, 0 ], StepList[ 0, 0, 0, 0, 0, 0.0, 0, 0, 0, 0, 0.0, 0, 0, 0, 0, 0, 0, 0, 0, 0, 0, 0.0, 0, 0, 0, 0, 0.0, 0, 0, 0, 0, 0 ], StepList[ 0, 0, 0, 0, 0, 0.0, 0, 0, 0, 0, 0.0, 0, 0, 0, 0, 0, 0, 0, 0, 0, 0, 0.0, 0, 0, 0, 0, 0.0, 0, 0, 0, 0, 0 ], StepList[ 0, 0, 0, 0, 0, 0, 0, 0, 0, 0, 0, 0, 0, 0, 0, 0 ], StepList[ 0, 0, 0, 0, 0, 0, 0, 0 ], StepList[ 0, 0, 0, 0, 0, 0, 0, 0 ], StepList[ 0, 0, 0, 0, 0, 0, 0, 0, 0, 0, 0, 0, 0, 0, 0, 0, 0, 0, 0, 0, 0, 0, 0, 0, 0, 0, 0, 0, 0, 0, 0, 0 ], StepList[ 0, 0, 0, 0, 0, 0, 0, 0, 0, 0, 0, 0, 0, 0, 0, 0, 0, 0, 0, 0, 0, 0, 0, 0, 0, 0, 0, 0, 0, 0, 0, 0 ], StepList[ 0, 0, 0, 0, 0, 0, 0, 0, 0, 0, 0, 0, 0, 0, 0, 0 ], StepList[ 0.0, 1.0, 0.0, 1.0, 0.0, 1.0, 0.0, 1.0 ], StepList[ 1.0, 0, 0, 0, 0, 0, 0, 0, 0, 0, 0, 0, 0, 0, 0, 0, 0, 0, 0, 0, 0, 0, 0, 0, 0, 0, 0, 0, 0, 0, 0, 0 ], StepList[ 0, 0, 0, 0, 0, 0, 0, 0 ] ] ], 'score_duration': 1, 'superbank': BankList[ ParDictStepList[ 0, 0, 0, 0, 0, 0, 0, 0 ], ParDictStepList[ 0, 0, 0, 0, 0, 0, 0, 0 ], ParDictStepList[ 0, 0, 0, 0, 0, 0, 0, 0 ], ParDictStepList[ 0, 0, 0, 0, 0, 0, 0, 0 ], ParDictStepList[ 0, 0, 0, 0, 0, 0, 0, 0 ], ParDictStepList[ 0, 0, 0, 0, 0, 0, 0, 0 ], ParDictStepList[ 0, 0, 0, 0, 0, 0, 0, 0 ], ParDictStepList[ 0, 0, 0, 0, 0, 0, 0, 0 ] ], 
  'track_count': 8, 'current_score': { arg self;
		self.banks.first.index
	} ) ) )

						);
